 <pre>

 Contingency table for Low clouds (octas)
 Selection: Ireland     27 stations
Period: 20200203-20200217
Used {12} + 01 02 ... 24
 Limits    1.00000000       2.00000000       3.00000000       4.00000000       5.00000000       6.00000000       7.00000000    
 Each class is data <= limit, the very last > last limit
 Total number of values        8706
                                              OBSERVATION
                                   1067      353      390      303      303      275      510      184 |      3385
                                     52       33       42       41       27       36       60       21 |       312
                                     44       23       39       35       31       28       55       21 |       276
                    2500m_WOPT       36       15       35       12       21       27       59       22 |       227
                                     41       16       25       25       27       20       54       17 |       225
                                     42       27       31       25       24       26       71       16 |       262
                                     48       24       34       41       32       43      111       46 |       379
                                    253      252      233      273      313      365     1247      704 |      3640

                    SUM            1583      743      829      755      778      820     2167     1031 |      8706
                                              OBSERVATION
                                   1097      362      402      338      309      281      572      235 |      3596
                                     54       31       37       42       33       28       72       16 |       313
                                     32       20       36       24       31       35       46       10 |       234
                     750m_WOPT       26       28       24       20       20       29       45       12 |       204
                                     24       19       22       20       21       28       57       18 |       209
                                     39       18       33       28       23       24       58       27 |       250
                                     50       30       39       38       43       48       95       35 |       378
                                    261      235      236      245      298      347     1222      678 |      3522

                    SUM            1583      743      829      755      778      820     2167     1031 |      8706

