 <pre>

 Contingency table for Low clouds (octas)
 Selection: ALL     32 stations
Period: 20200203-20200217
Used {00,12} + 01 02 ... 24
 Limits    1.00000000       2.00000000       3.00000000       4.00000000       5.00000000       6.00000000       7.00000000    
 Each class is data <= limit, the very last > last limit
 Total number of values       20517
                                              OBSERVATION
                                   2538      914      930      747      752      637     1142      393 |      8053
                                    128       77      112       98       67      103      138       44 |       767
                                    106       50       67       67       66       61      125       36 |       578
                    2500m_WOPT       79       50       59       34       52       69      116       44 |       503
                                     85       49       51       54       55       40      116       40 |       490
                                     91       60       77       56       62       58      152       46 |       602
                                    123       78       88       89       82       99      226       89 |       874
                                    662      630      668      709      757      899     2772     1553 |      8650

                    SUM            3812     1908     2052     1854     1893     1966     4787     2245 |     20517
                                              OBSERVATION
                                   2710      981      981      857      777      692     1300      474 |      8772
                                    119       84       87       93       83       72      171       44 |       753
                                     80       51       67       58       66       71      115       28 |       536
                     750m_WOPT       68       56       50       48       51       59      103       38 |       473
                                     63       53       45       48       43       66      128       51 |       497
                                     74       46       81       60       69       56      139       42 |       567
                                    117       67       97       87       94      107      195       85 |       849
                                    581      570      644      603      710      843     2636     1483 |      8070

                    SUM            3812     1908     2052     1854     1893     1966     4787     2245 |     20517

