 <pre>

 Contingency table for Low clouds (octas)
 Selection: Ireland     27 stations
Period: 20200203-20200217
Used {00} + 01 02 ... 24
 Limits    1.00000000       2.00000000       3.00000000       4.00000000       5.00000000       6.00000000       7.00000000    
 Each class is data <= limit, the very last > last limit
 Total number of values        8685
                                              OBSERVATION
                                   1061      361      361      294      299      243      502      174 |      3295
                                     58       33       50       40       28       54       64       19 |       346
                                     45       21       24       22       28       27       61       14 |       242
                    2500m_WOPT       36       25       19       17       18       29       50       15 |       209
                                     36       20       20       24       22       18       56       21 |       217
                                     39       26       34       22       30       20       72       25 |       268
                                     50       34       42       35       38       47       95       37 |       378
                                    294      241      285      297      292      375     1234      712 |      3730

                    SUM            1619      761      835      751      755      813     2134     1017 |      8685
                                              OBSERVATION
                                   1172      386      392      335      306      270      573      194 |      3628
                                     46       40       38       37       42       33       76       22 |       334
                                     33       18       22       27       25       25       61       15 |       226
                     750m_WOPT       31       26       20       22       21       24       51       21 |       216
                                     29       23       19       20       16       30       61       27 |       225
                                     26       16       32       25       33       21       73       13 |       239
                                     46       25       39       33       34       44       88       42 |       351
                                    236      227      273      252      278      366     1151      683 |      3466

                    SUM            1619      761      835      751      755      813     2134     1017 |      8685

