 <pre>

 Contingency table for Low clouds (octas)
 Selection: ALL     32 stations
Period: 20200203-20200217
Used {00} + 01 02 ... 24
 Limits    1.00000000       2.00000000       3.00000000       4.00000000       5.00000000       6.00000000       7.00000000    
 Each class is data <= limit, the very last > last limit
 Total number of values       10248
                                              OBSERVATION
                                   1262      457      444      367      377      298      568      191 |      3964
                                     64       37       58       50       35       59       72       21 |       396
                                     51       24       24       27       33       29       67       14 |       269
                    2500m_WOPT       40       32       22       22       22       34       52       18 |       242
                                     39       27       22       26       24       19       60       23 |       240
                                     43       29       43       28       33       28       76       26 |       306
                                     65       45       48       43       44       52      103       41 |       441
                                    354      311      367      361      367      461     1387      782 |      4390

                    SUM            1918      962     1028      924      935      980     2385     1116 |     10248
                                              OBSERVATION
                                   1390      499      486      425      389      339      655      220 |      4403
                                     54       48       44       45       46       39       85       23 |       384
                                     41       24       26       32       32       30       64       17 |       266
                     750m_WOPT       40       26       22       25       23       27       55       23 |       241
                                     33       28       20       24       18       35       66       29 |       253
                                     30       24       40       28       38       25       75       14 |       274
                                     54       32       46       42       47       54       96       48 |       419
                                    276      281      344      303      342      431     1289      742 |      4008

                    SUM            1918      962     1028      924      935      980     2385     1116 |     10248

