 <pre>

 Contingency table for Low clouds (octas)
 Selection: Ireland     27 stations
Period: 20200203-20200217
Used {00,12} + 01 02 ... 24
 Limits    1.00000000       2.00000000       3.00000000       4.00000000       5.00000000       6.00000000       7.00000000    
 Each class is data <= limit, the very last > last limit
 Total number of values       17391
                                              OBSERVATION
                                   2128      714      751      597      602      518     1012      358 |      6680
                                    110       66       92       81       55       90      124       40 |       658
                                     89       44       63       57       59       55      116       35 |       518
                    2500m_WOPT       72       40       54       29       39       56      109       37 |       436
                                     77       36       45       49       49       38      110       38 |       442
                                     81       53       65       47       54       46      143       41 |       530
                                     98       58       76       76       70       90      206       83 |       757
                                    547      493      518      570      605      740     2481     1416 |      7370

                    SUM            3202     1504     1664     1506     1533     1633     4301     2048 |     17391
                                              OBSERVATION
                                   2269      748      794      673      615      551     1145      429 |      7224
                                    100       71       75       79       75       61      148       38 |       647
                                     65       38       58       51       56       60      107       25 |       460
                     750m_WOPT       57       54       44       42       41       53       96       33 |       420
                                     53       42       41       40       37       58      118       45 |       434
                                     65       34       65       53       56       45      131       40 |       489
                                     96       55       78       71       77       92      183       77 |       729
                                    497      462      509      497      576      713     2373     1361 |      6988

                    SUM            3202     1504     1664     1506     1533     1633     4301     2048 |     17391

