 <pre>

 Contingency table for Low clouds (octas)
 Selection: ALL     32 stations
Period: 20200203-20200217
Used {12} + 01 02 ... 24
 Limits    1.00000000       2.00000000       3.00000000       4.00000000       5.00000000       6.00000000       7.00000000    
 Each class is data <= limit, the very last > last limit
 Total number of values       10269
                                              OBSERVATION
                                   1276      457      486      380      375      339      574      202 |      4089
                                     64       40       54       48       32       44       66       23 |       371
                                     55       26       43       40       33       32       58       22 |       309
                    2500m_WOPT       39       18       37       12       30       35       64       26 |       261
                                     46       22       29       28       31       21       56       17 |       250
                                     48       31       34       28       29       30       76       20 |       296
                                     58       33       40       46       38       47      123       48 |       433
                                    308      319      301      348      390      438     1385      771 |      4260

                    SUM            1894      946     1024      930      958      986     2402     1129 |     10269
                                              OBSERVATION
                                   1320      482      495      432      388      353      645      254 |      4369
                                     65       36       43       48       37       33       86       21 |       369
                                     39       27       41       26       34       41       51       11 |       270
                     750m_WOPT       28       30       28       23       28       32       48       15 |       232
                                     30       25       25       24       25       31       62       22 |       244
                                     44       22       41       32       31       31       64       28 |       293
                                     63       35       51       45       47       53       99       37 |       430
                                    305      289      300      300      368      412     1347      741 |      4062

                    SUM            1894      946     1024      930      958      986     2402     1129 |     10269

